DATE	PAYS_BAS	ALLEMAGNE	GRECE	FRANCE	ESPAGNE	AUTRICHE	BELGIQUE	FINLANDE	IRLANDE	ITALIE
01/04/2020	3,416303	3,796611	15,516039	8,691856	14,610293	5,164512	5,343278	6,93555	5,388541	6,64123
01/03/2020	2,931095	3,659348	14,453242	7,612909	14,188185	4,692411	5,062292	6,804861	5,260816	8,193826
01/02/2020	2,941571	3,515742	15,878685	7,619841	13,665594	4,524675	4,981521	6,716053	4,8215	9,043869
01/01/2020	3,0345	3,38691	16,179136	7,962781	13,992432	4,376287	5,05106	6,685806	4,843032	9,393704
01/12/2019	3,233066	3,283988	16,410502	8,169237	13,711831	4,238533	5,243929	6,706553	4,704441	9,435086
01/11/2019	3,479612	3,208002	16,633333	8,203844	13,815741	4,247845	5,22142	6,752937	4,659045	9,43092
01/10/2019	3,470659	3,150319	16,712407	8,274821	13,970363	4,341777	5,24012	6,786668	4,709382	9,516218
01/09/2019	3,469669	3,103238	16,876621	8,377345	14,093485	4,472852	5,215096	6,802323	4,852092	9,727587
01/08/2019	3,464567	3,066424	16,94737	8,508167	14,269703	4,480682	5,227707	6,810977	4,97558	9,600606
01/07/2019	3,379591	3,046935	17,101388	8,52179	14,271211	4,462996	5,293317	6,789727	5,074531	9,916205
01/06/2019	3,376735	3,051592	17,14638	8,48735	14,204662	4,386253	5,407093	6,743487	5,13176	9,808386
01/05/2019	3,266069	3,08002	17,294736	8,454738	14,156288	4,471257	5,464895	6,724498	5,129567	10,010999
01/04/2019	3,253662	3,124497	17,546272	8,493016	14,158703	4,632692	5,501339	6,736019	5,183539	10,253415
01/03/2019	3,333622	3,17599	18,081877	8,598964	14,175034	4,767049	5,495095	6,739043	4,988696	10,350302
01/02/2019	3,381267	3,22561	18,414292	8,655491	14,216295	4,769942	5,536054	6,720744	5,019143	10,431526
01/01/2019	3,56587	3,267373	18,517766	8,717928	14,296728	4,82141	5,633898	6,705994	5,162436	10,327987
01/12/2018	3,572673	3,300859	18,411365	8,779088	14,384824	4,755014	5,725953	6,749085	5,468415	10,331738
01/11/2018	3,543121	3,325822	18,537424	8,803035	14,499724	4,755238	5,772794	6,856208	5,63	10,518497
01/10/2018	3,671115	3,346656	18,557017	8,885521	14,643498	4,890149	5,754234	6,973902	5,68647	10,719979
01/09/2018	3,737228	3,364815	18,837501	8,979689	14,773882	4,954337	5,642163	7,095941	5,672625	10,34789
01/08/2018	3,85255	3,376525	19,041559	9,022986	14,897917	4,859346	5,731557	7,236666	5,676314	10,211849
01/07/2018	3,81512	3,385421	19,153444	9,037578	15,004383	4,896304	5,947332	7,361356	5,696698	10,391644
01/06/2018	3,882697	3,393788	19,329717	9,044974	15,174755	4,836732	6,141276	7,452844	5,763487	10,795634
01/05/2018	3,866022	3,406539	19,487568	9,100668	15,422012	4,670004	6,308649	7,552229	5,839863	10,578398
01/04/2018	3,912676	3,429575	19,820636	9,143066	15,667542	4,704583	6,328914	7,686589	5,877267	10,957536
01/03/2018	3,939472	3,465128	20,044436	9,173331	15,946349	4,851209	6,130514	7,846924	5,906419	10,912415
01/02/2018	4,0565	3,507627	20,493146	9,192864	16,210827	5,035232	6,061388	8,017926	5,955903	10,795886
01/01/2018	4,191989	3,551427	20,433502	9,15961	16,398623	5,289291	6,077161	8,183073	6,026501	10,984596
01/12/2017	4,365598	3,593407	20,801487	9,040668	16,542524	5,54788	6,212194	8,30417	6,186101	10,886525
01/11/2017	4,382697	3,631141	20,94207	9,042401	16,626441	5,497395	6,399186	8,360963	6,328139	10,985674
01/10/2017	4,468002	3,661218	20,990802	9,182259	16,654748	5,309218	6,674544	8,396811	6,467178	11,059187
01/09/2017	4,659888	3,686813	20,932542	9,373083	16,696762	5,23589	6,941672	8,429014	6,615201	11,206205
01/08/2017	4,710738	3,709885	20,913257	9,566461	16,751861	5,3973	7,158391	8,465862	6,63307	11,378219
01/07/2017	4,830789	3,734592	21,143761	9,614684	16,87557	5,401177	7,18795	8,529818	6,649744	11,420717
01/06/2017	4,949022	3,765502	21,411644	9,526548	17,077784	5,394931	7,139639	8,605069	6,562104	11,154203
01/05/2017	5,064902	3,801399	21,742885	9,5247	17,350303	5,48441	7,204019	8,683237	6,614262	11,357905
01/04/2017	5,065374	3,833425	21,780226	9,51802	17,633657	5,656814	7,360216	8,756089	6,814034	11,144028
01/03/2017	5,147721	3,860617	22,046334	9,533852	17,962468	5,757758	7,657843	8,788106	7,110002	11,496024
01/02/2017	5,268269	3,880481	22,389024	9,562222	18,153113	5,787468	7,781416	8,775012	7,388307	11,406216
01/01/2017	5,333512	3,895386	23,061086	9,687433	18,340639	5,699803	7,617948	8,752346	7,448076	11,65977
01/12/2016	5,37861	3,911312	23,307283	9,94725	18,516408	5,658523	7,271579	8,746239	7,430974	11,746262
01/11/2016	5,568051	3,939094	23,275459	10,070599	18,775673	5,748177	7,173595	8,747478	7,483357	11,917693
01/10/2016	5,603062	3,987733	23,283928	10,066485	18,838503	5,871346	7,231699	8,724433	7,650204	11,681474
01/09/2016	5,689667	4,050062	23,036363	9,898145	19,141202	6,078015	7,524258	8,692958	7,931234	11,836532
01/08/2016	5,81656	4,116895	23,440976	9,851767	19,345032	6,18002	7,775317	8,709965	8,318877	11,535578
01/07/2016	6,043458	4,178478	23,520688	9,799962	19,593124	6,199947	7,893253	8,783723	8,460201	11,60804
01/06/2016	6,14742	4,222107	23,505319	9,951584	19,915978	6,256865	8,101176	8,868999	8,76425	11,661668
01/05/2016	6,268637	4,25051	23,614864	10,024864	20,127525	6,264577	8,147372	8,928649	8,872815	11,591383
01/04/2016	6,39276	4,276135	23,547301	10,107656	20,273171	5,984159	8,209157	8,981002	8,925489	11,675741
01/03/2016	6,437228	4,308592	23,778675	10,188023	20,232335	5,880712	8,18934	9,047768	8,905798	11,520542
01/02/2016	6,522548	4,352778	23,82916	10,335859	20,380216	6,061578	8,243948	9,120384	8,955396	11,713909
01/01/2016	6,458787	4,405649	24,232216	10,243792	20,504951	6,076538	8,414782	9,21431	9,045841	11,537716
01/12/2015	6,612186	4,454607	24,033179	10,228534	20,776512	5,991874	8,738077	9,306471	9,343368	11,564671
01/11/2015	6,700227	4,492879	24,357163	10,244518	20,915293	5,888891	8,751587	9,353558	9,446896	11,388167
01/10/2015	6,905267	4,519577	24,522993	10,268687	21,231581	5,7675	8,548462	9,367196	9,522392	11,580699
01/09/2015	6,832234	4,543139	24,807631	10,307386	21,417862	5,647833	8,139523	9,381444	9,541197	11,442237
01/08/2015	6,775032	4,573192	24,648038	10,34975	21,666112	5,614004	7,943258	9,409288	9,54911	11,481867
01/07/2015	6,772447	4,610169	24,960992	10,383803	21,942005	5,621163	8,00571	9,415815	9,650309	11,687277
01/06/2015	6,857298	4,654263	25,055161	10,474977	22,302797	5,786698	8,44892	9,362623	9,919588	12,238795
01/05/2015	6,918999	4,692141	24,846268	10,530402	22,464909	5,987338	8,617377	9,274425	10,131776	12,172537
01/04/2015	7,012617	4,719987	25,272043	10,468285	22,670461	5,950047	8,728655	9,21247	10,342826	12,192546
01/03/2015	7,031551	4,7404	25,8836	10,406775	22,864726	5,719215	8,781052	9,179947	10,508618	12,518042
01/02/2015	7,099802	4,765145	25,634806	10,355303	23,097793	5,457536	8,694416	9,132342	10,730743	12,321148
01/01/2015	7,22733	4,808234	25,677839	10,364137	23,382895	5,521161	8,598217	9,071462	10,773622	12,291728
01/12/2014	7,226805	4,868338	25,809446	10,447476	23,639355	5,619709	8,522848	9,038226	10,7449	12,304897
01/11/2014	7,132695	4,932006	25,823299	10,495664	23,755596	5,662402	8,531583	9,036039	10,832184	13,048873
01/10/2014	7,107416	4,978611	25,993075	10,414371	23,917486	5,681452	8,522581	9,019693	11,108703	12,816654
01/09/2014	7,111348	4,997356	26,14449	10,408133	23,997977	5,6639	8,55364	8,936471	11,457096	12,703528
01/08/2014	7,186732	4,992111	26,292347	10,265437	24,166287	5,582602	8,494669	8,805283	11,695586	12,391603
01/07/2014	7,315297	4,978839	26,358778	10,247107	24,388913	5,677695	8,467289	8,700545	11,845314	12,636252
01/06/2014	7,417816	4,976465	26,739599	10,215785	24,436415	5,642098	8,456503	8,641425	11,962377	12,120362
01/05/2014	7,577797	4,997308	27,024011	10,184222	24,629351	5,40633	8,482675	8,58041	12,168584	12,634096
01/04/2014	7,723622	5,036308	27,073556	10,182469	24,812499	5,499929	8,523843	8,50846	12,432861	12,546397
01/03/2014	7,811828	5,076016	26,983515	10,231343	25,069184	5,648428	8,619122	8,459495	12,707277	12,589571
01/02/2014	7,856376	5,112824	27,096533	10,22951	25,203374	5,635869	8,664805	8,432031	12,923014	12,781776
01/01/2014	7,766067	5,134674	27,027506	10,199124	25,477398	5,569356	8,687643	8,409758	12,910937	12,769492
01/12/2013	7,713882	5,138292	27,462156	10,175307	25,533905	5,514923	8,558335	8,391182	12,841917	12,454943
01/11/2013	7,575045	5,13562	27,656133	10,165964	25,820662	5,437986	8,494704	8,357889	12,842832	12,287779
01/10/2013	7,59814	5,139311	27,653316	10,155849	25,96771	5,48137	8,461038	8,30599	12,948919	12,318386
01/09/2013	7,558161	5,15548	27,83823	10,334236	26,082531	5,423087	8,514538	8,234774	13,119833	12,397497
01/08/2013	7,51025	5,177889	27,726391	10,198835	26,182792	5,407321	8,463082	8,131004	13,284017	12,301172
01/07/2013	7,46981	5,203573	27,888497	10,335382	26,289089	5,348028	8,434221	8,028644	13,652787	12,07267
01/06/2013	7,268784	5,235723	27,751413	10,394119	26,222923	5,153948	8,386262	7,985849	14,139488	12,196303
01/05/2013	7,104032	5,274332	27,751682	10,385711	26,226154	5,038846	8,40435	8,018067	14,443098	12,136905
01/04/2013	7,018205	5,3147	27,581063	10,438418	26,252081	5,292837	8,40324	8,064929	14,515249	12,083591
01/03/2013	6,940468	5,349725	27,168669	10,390318	26,248981	5,412954	8,398002	8,081761	14,491257	11,739666
01/02/2013	6,756472	5,36631	26,757457	10,333878	26,278676	5,350936	8,409086	8,066861	14,528976	11,806225
01/01/2013	6,627912	5,35514	26,693283	10,314232	26,162146	5,211885	8,414452	8,012105	14,599635	11,787852
01/12/2012	6,434389	5,332417	26,349139	10,21003	25,988486	5,095453	8,38833	7,935849	14,812586	11,365245
01/11/2012	6,230974	5,307679	26,395309	10,139363	25,875981	4,926822	8,299943	7,867093	15,019135	11,31647
01/10/2012	6,064335	5,292319	25,992779	10,042582	25,626789	4,982591	8,059144	7,825268	15,225312	11,406635
01/09/2012	5,965661	5,301358	25,970908	9,875958	25,470555	5,180573	7,722811	7,832527	15,412637	10,95133
01/08/2012	5,832923	5,337574	25,610605	9,751304	25,280926	5,237035	7,508085	7,857763	15,516096	10,769344
01/07/2012	5,859641	5,382499	25,16852	9,720364	25,146225	5,165219	7,320918	7,847417	15,55294	10,756492
01/06/2012	5,685233	5,416094	24,857354	9,723765	24,868162	5,120064	7,329917	7,793726	15,534376	10,702068
01/05/2012	5,670992	5,431046	24,086214	9,720361	24,65604	4,991282	7,305084	7,721685	15,484125	10,463994
01/04/2012	5,696047	5,432143	23,433145	9,638336	24,237443	4,678018	7,221415	7,658678	15,608435	10,512539
01/03/2012	5,529268	5,432948	22,764337	9,547661	23,847895	4,613224	7,174219	7,609549	15,852751	10,424017
01/02/2012	5,47171	5,441022	22,188771	9,474149	23,562411	4,545792	7,185016	7,579214	16,008629	9,89442
01/01/2012	5,513672	5,46592	21,454409	9,4521	23,208745	4,516163	7,119637	7,583045	15,970058	9,514881
01/12/2011	5,364963	5,50522	21,195572	9,419877	22,901161	4,711946	6,971721	7,607231	15,872995	9,555255
01/11/2011	5,386696	5,55563	20,586072	9,369345	22,614236	4,976961	7,044632	7,632576	15,881466	9,214438
01/10/2011	5,228081	5,61834	20,160811	9,324706	22,356223	4,699469	7,186918	7,671843	15,765363	8,719598
01/09/2011	5,055221	5,679874	19,119506	9,235427	22,070363	4,246541	7,494255	7,711485	15,650424	8,766788
01/08/2011	4,906624	5,734873	18,697385	9,215787	21,701207	4,039172	7,593523	7,742159	15,675959	8,433603
01/07/2011	4,897194	5,784973	17,835393	9,19724	21,402097	4,163954	7,429189	7,769755	15,470713	8,276812
01/06/2011	4,712602	5,835774	17,277889	9,150846	21,043085	4,370335	7,027167	7,778896	15,166536	8,084465
01/05/2011	4,788231	5,897645	16,953177	9,085416	20,718291	4,547545	6,871781	7,787847	15,031261	8,045759
01/04/2011	4,748745	5,979872	16,43248	9,095227	20,603577	4,602126	6,79369	7,846106	14,960534	7,853894
01/03/2011	4,769653	6,087784	16,034984	9,081994	20,618047	4,76364	6,927152	7,940587	15,002547	7,944444
01/02/2011	4,887306	6,224812	15,414809	9,133058	20,49489	4,956274	7,08355	8,01346	15,13074	7,911206
01/01/2011	4,945055	6,377907	15,031066	9,143801	20,409225	4,842987	7,322095	8,049404	15,361042	8,040604
01/12/2010	4,963513	6,519963	14,623311	9,174707	20,340749	4,505467	7,646129	8,058222	15,735014	8,059829
01/11/2010	4,93343	6,628778	14,201228	9,189163	20,183302	4,424915	7,842607	8,059246	15,656182	8,174916
01/10/2010	4,924556	6,701264	13,91128	9,192201	20,092638	4,629784	8,052651	8,09012	15,444969	8,433991
01/09/2010	4,970917	6,749493	13,413077	9,246192	20,056576	4,852473	8,278136	8,175791	14,948487	8,205219
01/08/2010	5,017347	6,790165	13,0082	9,256371	20,034376	4,922229	8,391926	8,289044	14,486022	8,171134
01/07/2010	5,02357	6,842533	12,776619	9,199372	19,942118	4,754225	8,507327	8,3661	14,341098	8,274628
01/06/2010	4,986145	6,924797	12,562784	9,240428	20,074158	4,716517	8,451436	8,393686	14,404615	8,368604
01/05/2010	4,974332	7,035958	12,267371	9,303953	19,998353	4,805493	8,387235	8,413919	14,486186	8,52166
01/04/2010	4,967074	7,157954	11,917333	9,312588	19,831938	4,899554	8,445233	8,455951	14,216198	8,568456
01/03/2010	5,064777	7,267036	11,599609	9,320798	19,485998	4,819889	8,518192	8,519851	13,872514	8,403842
01/02/2010	5,084745	7,343839	11,329228	9,306306	19,271109	4,899649	8,579558	8,592504	13,726767	8,49762
01/01/2010	5,093847	7,403189	10,963385	9,26476	19,162979	5,016606	8,587926	8,643336	13,813082	8,342598
01/12/2009	4,977422	7,471444	10,60034	9,488986	18,882297	5,342523	8,317843	8,64469	13,854169	8,328222
01/11/2009	4,855825	7,558796	10,470466	9,548208	18,675411	5,491817	8,035094	8,605281	13,845795	8,148975
01/10/2009	4,725982	7,659962	10,183318	9,496363	18,594793	5,67703	7,904167	8,52504	13,748404	8,151237
01/09/2009	4,667706	7,758443	10,038233	9,294502	18,433691	5,746494	7,963775	8,432928	13,651178	8,13666
01/08/2009	4,556459	7,831611	9,814544	9,180555	18,173976	5,713373	8,004311	8,369947	13,227654	7,89727
01/07/2009	4,476298	7,858407	9,754672	9,105335	17,970157	5,622108	7,948884	8,314864	13,033531	7,825802
01/06/2009	4,280926	7,829503	9,483773	9,101498	17,898008	5,484794	7,87574	8,219866	12,852963	7,64111
01/05/2009	4,191788	7,76091	9,282662	9,092257	17,934577	5,29275	7,743988	8,004903	12,681656	7,342659
01/04/2009	4,117093	7,675448	9,203964	8,967922	17,788593	5,271597	7,895416	7,813156	12,218288	7,417226
01/03/2009	3,895661	7,580033	9,065007	8,794923	17,48099	4,995389	8,018434	7,58162	11,614814	7,56651
01/02/2009	3,810593	7,469828	8,998681	8,55922	16,777181	4,611171	7,827702	7,324133	10,902227	7,240954
01/01/2009	3,725522	7,339946	8,946641	8,279829	15,851767	4,666904	7,455755	6,994695	10,077246	7,198841
01/12/2008	3,681081	7,201255	8,362452	7,999468	14,787693	4,738212	6,910483	6,806459	9,063954	6,763571
01/11/2008	3,606168	7,090035	7,935248	7,774485	13,775539	4,448477	6,677987	6,673921	8,512366	6,976408
01/10/2008	3,609329	7,032191	7,710125	7,595208	12,878653	4,09851	6,910715	6,584184	8,081587	6,884155
01/09/2008	3,630863	7,045002	7,681038	7,53085	12,017606	4,027883	7,364946	6,503923	7,748937	6,794344
01/08/2008	3,565539	7,130678	7,707293	7,487004	11,490639	4,016639	7,61832	6,409859	7,422355	6,750615
01/07/2008	3,626021	7,267931	7,618011	7,400949	11,098545	3,902619	7,489016	6,331552	6,921903	6,588746
01/06/2008	3,678896	7,415842	7,549672	7,345046	10,839861	3,829256	6,863533	6,292638	6,32747	6,802665
01/05/2008	3,689173	7,541482	7,356079	7,279477	10,444927	3,793	6,466467	6,274755	5,890175	6,785835
01/04/2008	3,669888	7,639337	7,898837	7,277016	10,009303	3,838219	6,546093	6,27934	5,598247	6,748134
01/03/2008	3,610019	7,728216	8,133289	7,254638	9,465112	4,079817	6,706375	6,315232	5,51326	6,445134
01/02/2008	3,646303	7,829593	7,907169	7,244097	9,327552	4,318481	6,947663	6,366475	5,318508	6,62248
01/01/2008	3,84892	7,947189	7,716803	7,323491	9,108093	4,256566	7,086589	6,436221	5,289446	6,56655
01/12/2007	3,898828	8,078056	7,97057	7,358514	8,793492	4,300621	7,129269	6,522171	5,293166	6,535299
01/11/2007	3,950284	8,201858	7,968848	7,4536	8,566935	4,543155	7,065928	6,614303	5,241767	6,275742
01/10/2007	3,995581	8,303506	8,226972	7,6147	8,370962	4,659342	7,000885	6,715906	5,075103	6,150975
01/09/2007	4,047906	8,378418	8,319835	7,813924	8,283321	4,771967	6,861731	6,801373	4,910672	6,085325
01/08/2007	4,081517	8,430623	8,358364	7,95222	8,263563	5,006049	7,032744	6,838151	4,86597	6,155724
01/07/2007	4,198997	8,483436	8,322028	8,015513	8,094288	5,043121	7,306855	6,839195	4,873549	6,318106
01/06/2007	4,087404	8,549674	8,359889	7,978121	8,030662	5,023141	7,687694	6,84036	4,988676	5,927835
01/05/2007	4,173476	8,633403	8,438562	8,084005	7,934553	5,186553	8,119428	6,857073	4,976376	6,072848
01/04/2007	4,1824	8,736492	8,556591	8,193583	8,01004	5,08244	8,170587	6,904371	5,011252	5,841677
01/03/2007	4,293592	8,865146	8,794957	8,342692	8,075302	4,926004	7,872365	6,993589	4,958028	6,009106
01/02/2007	4,485891	9,030437	8,763758	8,44788	8,150856	4,941076	7,804762	7,100043	4,919238	6,009858
01/01/2007	4,529394	9,225634	8,749513	8,472974	8,264227	5,035925	7,813802	7,193073	4,816393	6,214537
01/12/2006	4,598073	9,421177	8,857632	8,416588	8,27566	5,002726	7,864349	7,271504	4,670589	6,183757
01/11/2006	4,712067	9,595295	8,91689	8,424086	8,27968	4,940468	7,967154	7,350518	4,575791	6,536903
01/10/2006	4,739434	9,736081	8,569831	8,54026	8,24261	4,913492	7,907123	7,437159	4,660415	6,617405
01/09/2006	4,761404	9,835907	8,667922	8,680756	8,213066	4,91536	7,888792	7,518156	4,880224	6,654297
01/08/2006	4,819164	9,909848	8,791309	8,854133	8,317682	4,958705	7,789895	7,591627	5,056972	6,677313
01/07/2006	4,932714	9,977775	8,861035	8,908445	8,33681	5,239584	8,028832	7,663314	4,952485	6,531843
01/06/2006	4,953293	10,069708	8,976838	8,916741	8,398977	5,288061	8,521371	7,730443	4,825703	6,668449
01/05/2006	5,173756	10,192851	9,088341	8,943746	8,512077	5,107722	8,770711	7,792723	4,711642	6,976469
01/04/2006	5,185552	10,317782	9,20103	9,020698	8,625737	5,320207	8,714244	7,847418	4,700268	7,00189
01/03/2006	5,331965	10,422765	9,199833	9,058259	8,73837	5,672423	8,631984	7,906423	4,712094	7,122299
01/02/2006	5,464925	10,50387	9,446793	9,07467	8,749838	5,765542	8,574262	7,975702	4,719526	7,289206
01/01/2006	5,501061	10,585989	9,411894	9,076654	8,809162	5,691263	8,452119	8,041152	4,708839	7,281878
01/12/2005	5,701195	10,693335	9,569647	9,079424	8,789731	5,665638	8,46298	8,096196	4,573073	7,527722
01/11/2005	5,747854	10,826587	9,701024	9,063267	8,726455	5,729657	8,425705	8,128681	4,539279	7,529455
01/10/2005	5,804317	10,968449	10,02113	9,033823	8,598985	5,805857	8,43602	8,131562	4,514456	7,771983
01/09/2005	5,813865	11,098153	10,17521	8,9572	8,468473	5,675185	8,543751	8,145576	4,588399	7,768463
01/08/2005	5,834865	11,188955	10,202484	8,896401	8,575671	5,631313	8,459872	8,196688	4,718178	7,505612
01/07/2005	5,909884	11,232869	10,182033	8,887275	8,790862	5,697293	8,491849	8,261884	4,793947	7,555611
01/06/2005	5,907369	11,238344	10,103018	8,880334	9,116493	5,828621	8,461032	8,316483	4,899586	7,822941
01/05/2005	6,014311	11,225761	10,033416	8,870115	9,393109	5,776546	8,556957	8,367421	4,938541	7,570224
01/04/2005	6,006352	11,186664	10,038114	8,796933	9,681083	5,645933	8,400974	8,432731	4,776353	7,843054
01/03/2005	6,029828	10,942993	10,062202	8,70901	9,739279	5,492383	8,552501	8,523024	4,546215	7,854095
01/02/2005	6,033562	10,862311	9,971547	8,676546	9,862319	5,391001	8,487564	8,645945	4,345469	7,888105
01/01/2005	5,908313	10,745805	10,14069	8,728942	10,097487	5,391052	8,322235	8,733242	4,423164	7,715066
01/12/2004	5,886646	10,665482	10,28265	8,864185	10,328374	5,45151	8,207716	8,720426	4,64312	7,749766
01/11/2004	5,735703	10,586351	10,362673	8,935368	10,56269	5,468071	8,261775	8,653561	4,691025	8,05971
01/10/2004	5,732113	10,5092	10,397261	8,903042	10,682427	5,58935	8,576526	8,600336	4,704029	7,904276
01/09/2004	5,66269	10,437946	10,462545	8,838506	10,860372	5,728238	9,026638	8,619578	4,586633	7,894481
01/08/2004	5,640217	10,379462	10,538311	8,799469	11,007914	5,480905	9,01509	8,712695	4,444199	7,697111
01/07/2004	5,667245	10,335042	10,595886	8,781434	11,028933	5,1767	8,644128	8,815821	4,450995	7,810229
01/06/2004	5,80436	10,304224	10,565581	8,79141	11,189075	5,123975	7,952923	8,910374	4,520662	7,804085
01/05/2004	5,783704	10,283925	10,617008	8,803273	11,155712	5,395412	7,593092	8,994094	4,668615	8,095014
01/04/2004	5,72078	10,269635	10,599746	8,810277	11,239835	5,618671	7,686358	9,031167	4,827481	8,092237
01/03/2004	5,5448	10,259152	10,744098	8,84409	11,087924	5,626218	8,333764	9,017349	5,114077	8,159614
01/02/2004	5,429867	10,128025	10,802616	8,844228	11,186143	5,577019	8,628639	9,004892	5,190222	8,027865
01/01/2004	5,400695	9,779729	11,016297	8,824918	11,323474	5,66266	8,688373	9,014346	5,106248	8,255063
01/12/2003	5,36738	9,769885	9,875559	8,861591	11,386522	5,207699	8,5297	9,010832	4,803101	8,171429
01/11/2003	5,24399	9,763627	9,8546	8,762176	11,294047	4,999101	8,345426	8,979401	4,690781	8,188337
01/10/2003	5,152182	9,762922	9,85006	8,705688	11,377115	4,855807	8,274026	8,93703	4,744946	8,202049
01/09/2003	5,053164	9,765273	9,695849	8,596777	11,474681	4,798635	8,176419	8,90902	4,979554	8,35385
01/08/2003	4,971706	9,768315	9,682765	8,433128	11,544473	4,792111	8,062488	8,924366	5,044209	8,369897
01/07/2003	4,915732	9,767838	9,693259	8,463153	11,556344	4,810478	8,127838	9,009423	5,029933	8,36614
01/06/2003	4,817654	9,758932	9,701941	8,457047	11,487119	4,865762	8,072258	9,123343	4,867794	8,519548
01/05/2003	4,737243	9,738193	9,698537	8,405621	11,308627	4,830382	8,063475	9,170819	4,738298	8,498499
01/04/2003	4,647168	9,692093	9,728377	8,39554	11,424747	4,718714	8,104718	9,117116	4,740738	8,44859
01/03/2003	4,50052	9,61668	9,691596	8,309042	11,627338	4,572131	8,102446	9,010244	4,689412	8,686976
01/02/2003	4,34883	9,511301	9,723501	8,270922	11,678748	4,488305	8,140107	8,936636	4,823362	8,730894
01/01/2003	4,261347	9,382928	9,795936	8,282422	11,72738	4,45302	8,133182	8,934138	5,026757	8,770794
01/12/2002	4,189906	9,245322	9,967149	8,532557	11,609687	4,456768	8,089576	8,957862	5,323598	8,412034
01/11/2002	4,075075	9,109341	9,993179	8,386135	11,559388	4,442835	8,013822	8,985246	5,346766	8,450819
01/10/2002	3,988671	8,982055	10,01398	8,306142	11,582104	4,445738	7,829052	9,036539	5,113365	8,48436
01/09/2002	3,871195	8,859364	10,215247	8,338173	11,6963	4,451203	7,594179	9,096051	4,701218	8,566628
01/08/2002	3,770403	8,73644	10,241952	8,316993	11,762935	4,405396	7,426889	9,132363	4,429143	8,604726
01/07/2002	3,689872	8,613409	10,276646	8,287651	11,676472	4,323796	7,451786	9,133951	4,429885	8,645173
01/06/2002	3,590531	8,495868	10,273112	8,222438	11,381944	4,202849	7,282659	9,121439	4,585822	8,780667
01/05/2002	3,515187	8,391737	10,316506	8,193312	11,220165	4,188976	7,278923	9,110166	4,669421	8,821755
01/04/2002	3,442365	8,305967	10,342134	8,172658	11,228726	4,276575	7,254554	9,079114	4,641078	8,863837
01/03/2002	3,360038	8,236488	10,673594	8,196265	11,217288	4,451313	7,330926	9,054755	4,657254	8,497031
01/02/2002	3,293454	8,177635	10,709574	8,198662	11,46742	4,518361	7,337303	9,072152	4,545175	8,529832
01/01/2002	3,232814	8,123703	10,735527	8,215746	11,062546	4,499927	7,378894	9,104139	4,440894	8,56195
01/12/2001	3,185402	8,072951	10,834372	8,346952	10,733757	4,393686	7,480915	9,124889	4,357777	8,827871
01/11/2001	3,140522	8,019187	10,870807	8,360806	10,574228	4,278228	7,385222	9,142987	4,433084	8,865225
01/10/2001	3,115339	7,961136	10,911949	8,3568	10,473526	4,181825	7,25593	9,165984	4,382055	8,901672
01/09/2001	3,085938	7,899369	10,591394	8,407471	10,457375	4,104194	6,62334	9,171374	4,423943	9,003131
01/08/2001	3,071617	7,836446	10,630999	8,393212	10,557013	4,059566	6,215475	9,142676	4,422455	9,043638
01/07/2001	3,070266	7,77615	10,670516	8,386965	10,479347	4,055509	6,131396	9,111018	4,312758	9,091998
01/06/2001	3,070381	7,72277	10,664183	8,453499	10,467211	4,094085	6,423242	9,112058	4,095111	9,079313
01/05/2001	3,093983	7,678865	10,682407	8,46683	10,573294	4,042956	6,630668	9,138571	3,9651	9,131879
01/04/2001	3,124694	7,649424	10,727578	8,491801	10,371209	3,908978	6,487356	9,168073	3,93257	9,183239
01/03/2001	3,154142	7,640474	10,496115	8,545217	10,525071	3,721709	6,120987	9,20249	3,949924	9,311884
01/02/2001	3,20291	7,65557	10,510352	8,589628	10,679722	3,643974	6,026357	9,244365	3,983426	9,351496
01/01/2001	3,24002	7,690226	10,513192	8,64183	10,757404	3,642588	6,140918	9,284416	3,991531	9,388799
01/12/2000	3,31133	7,73577	10,64848	8,69482	11,159613	3,729351	6,416884	9,28335	3,949296	9,574643
01/11/2000	3,370249	7,782877	10,658044	8,762303	11,478466	3,796631	6,687471	9,382744	3,938057	9,604444
01/10/2000	3,437201	7,825056	10,626841	8,837669	11,657042	3,849465	6,842116	9,509618	4,013108	9,627807
01/09/2000	3,493864	7,860998	11,204478	8,890582	11,737647	3,86744	6,88693	9,578222	4,18573	9,93866
01/08/2000	3,554635	7,892923	11,249331	8,978878	11,846651	3,834512	6,989547	9,558175	4,382143	9,984833
01/07/2000	3,616732	7,924555	11,286667	9,072646	11,936727	3,756906	6,753905	9,551198	4,504915	10,031476
01/06/2000	3,673374	7,958106	11,408376	9,15482	11,915348	3,633573	6,748638	9,626481	4,641292	10,212831
01/05/2000	3,736592	7,993952	11,465513	9,265353	11,897416	3,666299	6,8096	9,788102	4,7352	10,258212
01/04/2000	3,795768	8,032819	11,514086	9,38745	11,976955	3,841552	6,893074	10,027311	4,845389	10,306451
01/03/2000	3,844554	8,07574	11,561236	9,466991	12,166351	4,13578	6,887833	10,226145	4,779949	10,521778
01/02/2000	3,89652	8,124344	11,57725	9,60963	12,421183	4,262103	7,103265	10,244386	4,886268	10,552942
01/01/2000	3,931772	8,1798	11,518004	9,762011	12,759227	4,282376	7,33348	10,142403	5,034204	10,595788
01/12/1999	3,98123	8,240225	12,331218	9,840196	12,9439	4,190216	7,557545	10,09246	5,499083	10,645073
01/11/1999	4,026391	8,301849	12,368309	9,996552	13,143261	4,089037	7,695336	10,104676	5,602428	10,685363
01/10/1999	4,075436	8,360411	12,281646	10,148736	13,220191	4,013678	7,792127	10,071337	5,653989	10,715311
01/09/1999	4,116801	8,415014	12,041978	10,241381	13,392239	3,984231	7,912395	10,030808	5,542843	10,899569
01/08/1999	4,162587	8,467418	12,067203	10,382733	13,464377	3,999087	8,18335	10,083575	5,466937	10,926567
01/07/1999	4,212795	8,519401	12,040708	10,518205	13,466167	4,055472	8,282844	10,181963	5,667195	10,959321
01/06/1999	4,260186	8,574428	11,975737	10,609456	13,532724	4,157233	8,68767	10,25994	5,946456	11,039644
01/05/1999	4,319911	8,63479	12,025692	10,701825	13,468631	4,225184	8,979662	10,314994	6,191166	11,071445
01/04/1999	4,381077	8,701008	12,061709	10,757368	13,620469	4,245357	9,029421	10,362902	6,201694	11,106872
01/03/1999	4,437261	8,772107	11,432914	10,748493	13,903616	4,21708	9,032427	10,454832	6,229176	11,069247
01/02/1999	4,504063	8,845882	11,447676	10,751198	14,260255	4,222951	8,952534	10,589419	6,281612	11,093103
01/01/1999	4,560282	8,919803	11,352814	10,738053	14,786822	4,252454	8,932051	10,715277	6,482409	11,114096
01/12/1998	4,641498	8,992535	11,37122	10,706702	15,383523	4,332955	9,071442	10,786231	6,635312	11,417285
01/11/1998	4,715593	9,064119	11,413829	10,686594	15,719705	4,423152	9,100697	10,796112	6,787006	11,436651
01/10/1998	4,804067	9,137502	11,084215	10,675406	16,034785	4,516425	9,245342	10,852533	6,952171	11,46375
01/09/1998	4,887898	9,213578	11,130168	10,632782	16,267408	4,59694	9,407118	11,047891	7,110496	11,305306
01/08/1998	4,979877	9,292395	11,16647	10,643793	16,425258	4,665263	9,396361	11,312252	7,275303	11,321194
01/07/1998	5,079788	9,372272	11,027255	10,668281	16,562816	4,721285	9,33394	11,527311	7,451718	11,339271
01/06/1998	5,176389	9,449229	10,909257	10,654008	16,750464	4,771845	9,374877	11,637026	7,624264	11,489141
01/05/1998	5,286346	9,520057	10,96086	10,692534	16,649109	4,829867	9,435599	11,650619	7,775847	11,503206
01/04/1998	5,397178	9,580791	10,944729	10,731926	16,613016	4,883799	9,476083	11,651018	7,917212	11,519425
01/03/1998	5,50318	9,626993		10,680637	16,667617	4,940904	9,470246	11,680624	8,119039	11,12978
01/02/1998	5,616613	9,654794		10,732766	16,749321	4,95542	9,419054	11,727086	8,34733	11,133275
01/01/1998	5,716829	9,664184		10,797485	17,07708	4,931836	9,387792	11,807886	8,578217	11,132475
01/12/1997	5,832186	9,661189		10,767172	17,553185	4,89093	9,358493	11,922127	8,809999	11,290632
01/11/1997	5,944495	9,655905		10,829234	17,785929	4,863029	9,308307	12,03336	9,021946	11,286982
01/10/1997	6,060039	9,65624		10,877285	18,048961	4,84341	9,305851	12,121328	9,220375	11,299005
01/09/1997	6,17142	9,663598		10,860469	18,304877	4,833738	9,304994	12,202728	9,416777	11,034486
01/08/1997	6,283917	9,672816		10,894663	18,316917	4,80555	9,272784	12,324285	9,612475	11,036048
01/07/1997	6,393827	9,679742		10,929163	18,587193	4,764589	9,261598	12,51036	9,813588	11,036735
01/06/1997	6,502365	9,680599		10,89681	18,796767	4,707871	9,200087	12,740221	10,013735	11,411319
01/05/1997	6,616051	9,672289		10,928763	18,662671	4,671017	9,1368	12,986024	10,170586	11,40566
01/04/1997	6,724086	9,650182		10,958422	18,607976	4,659468	9,127611	13,17155	10,366898	11,40716
01/03/1997	6,825795	9,609023		10,913861	18,558578	4,670718	9,127474	13,261112	10,518986	11,258413
01/02/1997	6,930741	9,545693		10,920135	18,698939	4,661064	9,125883	13,369897	10,626235	11,250892
01/01/1997	7,022066	9,463958		10,906194	18,825762	4,626563	9,149524	13,519624	10,782455	11,238376
01/12/1996	7,130528	9,372428		10,859513	19,100873	4,610383	9,192923	13,634258	10,950116	11,190504
01/11/1996	7,231243	9,2785		10,839984	19,328465	4,618681	9,214771	14,435935	11,116077	11,174879
01/10/1996	7,334422	9,186276		10,835213	19,538922	4,643075	9,259661	14,617368	11,329694	11,172157
01/09/1996	7,42897	9,096915		10,860403	19,74462	4,683266	9,360666	14,82453	11,542827	11,127485
01/08/1996	7,524281	9,008735		10,879864	19,769974	4,716025	9,425235	14,934252	11,664429	11,119744
01/07/1996	7,621098	8,920309		10,908944	20,072378	4,738652	9,450482	14,871515	11,742727	11,120745
01/06/1996	7,711066	8,834337		10,945532	20,186178	4,755358	9,544233	14,659531	11,779506	11,325347
01/05/1996	7,808146	8,755187		10,931324	20,076658	4,783037	9,683506	14,356105	11,828958	11,327989
01/04/1996	7,901039	8,685877		10,864186	20,121437	4,809958	9,755288	14,086559	11,879921	11,320006
01/03/1996	7,984612	8,626362		10,710763	20,255807	4,839781	9,802912	13,939256	11,947505	11,04667
01/02/1996	8,075912	8,574675		10,655865	20,291253	4,797136	9,888995	15,067968	12,020241	11,029514
01/01/1996	8,154267	8,527429		10,66652	20,378372	4,702342	9,905364	15,206687	12,05687	11,028642
01/12/1995	8,252717	8,481736		10,706181	20,486497	4,629082	9,849797	15,31061	12,084396	11,121636
01/11/1995	8,32513	8,435076		10,740705	20,67516	4,571578	9,839362	15,249841	12,113961	11,107106
01/10/1995	8,383094	8,383974		10,735129	20,726024	4,506565	9,80722	15,110416	12,094177	11,098598
01/09/1995	8,413512	8,325881		10,598158	20,859374	4,430454	9,730551	15,032771	12,059489	11,178624
01/08/1995	8,427776	8,261934		10,565402	20,811485	4,36074	9,671451	15,029725	12,074084	11,158941
01/07/1995	8,425392	8,196355		10,546384	20,714874	4,294401	9,618377	15,019198	12,122981	11,149705
01/06/1995	8,40325	8,136349		10,459083	20,616748	4,236315	9,57915	14,943406	12,171188	11,109423
01/05/1995	8,367956	8,090532		10,448016	20,516167	4,146195	9,582597	14,845544	12,226297	11,082485
01/04/1995	8,311424	8,067482		10,432074	20,599327	4,03563	9,602325	14,815351	12,31745	11,059451
01/03/1995	8,231909	8,072929		10,329142	20,885818	3,922324	9,643574	14,890015	12,505536	11,296943
01/02/1995	8,126063	8,136393		10,335261	21,194187	3,933135	9,679945	15,063906	12,708418	11,249226
01/01/1995	7,982908	8,188402		10,368917	21,381614	4,03784	9,695611	15,274994	12,916463	11,217638
01/12/1994	7,821557	8,246291		10,412596	21,644999	3,799673	9,71602	15,477731	13,2032	11,170398
01/11/1994	7,672501	8,30098		10,469411	21,750387	3,81669	9,745813	15,685814	13,452506	11,118806
01/10/1994	7,533335	8,349149		10,521882	21,833471	3,84633	9,779888	15,937028	13,65979	11,07795
01/09/1994	7,407823	8,392201		10,557636	21,962359	3,820095	9,810203	16,230224	13,899678	10,42211
01/08/1994	7,292337	8,433273		10,606725	22,01986	3,805543	9,81158	16,54623	14,144677	10,381965
01/07/1994	7,182599	8,473954		10,656949	22,053347	3,819248	9,812325	16,873746	14,351135	10,35002
01/06/1994	7,086321	8,511282		10,712157	22,186014	3,829091	9,834077	17,099574	14,525423	10,623059
01/05/1994	7,001641	8,538042		10,756634	22,207401	3,862243	9,836243	17,12292	14,681147	10,570391
01/04/1994	6,92236	8,553946		10,794335	22,246532	3,826923	9,80573	16,981563	14,84026	10,525215
01/03/1994	6,853244	8,525625		10,807263	22,202451	3,828866	9,743624	16,786192	14,999199	10,458387
01/02/1994	6,803745	8,464282		10,813386	22,250919	3,901777	9,665572	16,623264	15,103182	10,408885
01/01/1994	6,767188	8,379467		10,794742	22,248482	3,970406	9,579309	17,557633	15,257325	10,380267
01/12/1993	6,756828	8,284726		10,724873	22,038589		9,47812	17,552326	15,35214	10,471248
01/11/1993	6,736322	8,191405		10,67053	21,856598		9,323874	17,540296	15,36889	10,410495
01/10/1993	6,704077	8,102624		10,60532	21,739879		9,171464	17,468571	15,412039	10,387796
01/09/1993	6,659026	8,015484		10,485188	21,536581		9,03104	17,335735	15,4838	10,035047
01/08/1993	6,609057	7,926413		10,408315	21,3582		8,869334	17,103021	15,546938	9,954499
01/07/1993	6,555478	7,835521		10,331013	21,256945		8,703596	16,790371	15,628795	9,914775
01/06/1993	6,497175	7,741592		10,226431	20,909847		8,524393	16,47627	15,725133	9,882751
01/05/1993	6,436593	7,6453		10,145066	20,397556		8,366983	16,111885	15,774816	9,83828
01/04/1993	6,370407	7,5482		10,060542	20,176114		8,230031	15,649699	15,788098	9,749196
01/03/1993	6,298176	7,451173		9,946824	19,982974		8,094285	15,162094	15,844402	9,300471
01/02/1993	6,218578	7,354191		9,868127	19,523298		7,942564	14,673255	15,868342	9,110736
01/01/1993	6,126174	7,259238		9,79886	19,157471		7,803362	14,201007	15,788258	8,957138
01/12/1992	6,034831	7,166499		9,758189	18,805458		7,655309	13,859352	15,72919	8,940964
01/11/1992	5,947327	7,071634		9,693174	18,380795		7,476268	13,616064	15,66044	8,87322
01/10/1992	5,87524	6,971084		9,623299	17,967914		7,318487	13,322043	15,602501	8,875503
01/09/1992	5,812204	6,864642		9,571193	17,522892		7,208343	12,981494	15,612303	9,054869
01/08/1992	5,757555	6,752445		9,500795	17,154197		7,143182	12,610315	15,533025	9,002236
01/07/1992	5,711885	6,635093		9,435135	16,912157		7,118305	12,15741	15,393735	8,920684
01/06/1992	5,67171	6,515033		9,414939	16,671554		7,056562	11,608194	15,19155	8,655349
01/05/1992	5,641966	6,393789		9,352566	16,519217		6,972741	10,999972	15,240454	8,627061
01/04/1992	5,618467	6,276541		9,289098	16,428118		6,891467	10,458203	15,316995	8,656844
01/03/1992	5,601296	6,171593		9,262996	16,252464		6,79606	10,087793	15,26624	8,716441
01/02/1992	5,596304	6,086864		9,197688	16,079259		6,731004	9,856027	15,199476	8,710719
01/01/1992	5,598344	6,019721		9,131986	15,982913		6,697037	9,594454	15,144291	8,618993
01/12/1991	5,617344	5,960993		9,068874	15,9318		6,654816	9,167789	15,122075	8,576695
01/11/1991	5,633392	5,899503		8,994979	15,878293		6,590643	8,671081	15,111695	8,665821
01/10/1991	5,650351	5,826743		8,913297	15,916913		6,493931	8,285649	15,078609	8,543472
01/09/1991	5,665679	5,73952		8,784612	15,86429		6,424935	7,952284	15,067673	8,472932
01/08/1991	5,682627	5,640756		8,702259	15,765054		6,41227	7,476225	15,035363	8,425463
01/07/1991	5,700938	5,535147		8,627041	15,617892		6,43936	6,919592	14,955956	8,404869
01/06/1991	5,72176	5,432728		8,516891	15,402326		6,445687	6,404933	14,805505	8,406764
01/05/1991	5,744543	5,345721		8,456915	15,264914		6,399174	5,915853	14,695853	8,450914
01/04/1991	5,767601	5,288734		8,405093	15,18125		6,362814	5,44574	14,558856	8,51274
01/03/1991	5,791713	5,257498		8,314214	15,119616		6,372061	5,023909	14,333943	8,560087
01/02/1991	5,815444	5,237838		8,292945	15,125846		6,361978	4,632638	14,086429	8,617383
01/01/1991	5,835581	5,227444		8,294373	15,128417		6,361519	4,256848	13,870288	8,66529
01/12/1990	5,861644			8,277843	15,295968		6,393401	3,941974	13,714126	8,737962
01/11/1990	5,887022			8,302422	15,275299		6,388544	3,693595	13,584428	8,736417
01/10/1990	5,921072			8,327974	15,301923		6,376205	3,45572	13,438939	8,754392
01/09/1990	5,956787			8,305113	15,251897		6,390499	3,213168	13,349487	8,773076
01/08/1990	5,99425			8,3374	15,31635		6,464242	3,013157	13,287996	8,75204
01/07/1990	6,035891			8,376636	15,307181		6,552916	2,891192	13,248583	8,82946
01/06/1990	6,075668			8,392315	15,461049		6,586138	2,855129	13,20856	8,944003
01/05/1990	6,119982			8,435319	15,596872		6,601997	2,901855	13,200379	8,924924
01/04/1990	6,165967			8,475987	15,631954		6,634449	2,988209	13,233418	8,865392
01/03/1990	6,212302			8,498078	15,61857		6,682832	3,030241	13,447568	8,935936
01/02/1990	6,262234			8,537145	15,750912		6,747809	3,012306	13,69385	9,049536
01/01/1990	6,310925			8,577332	15,860794		6,828336	2,973252	13,830297	9,140462
01/12/1989	6,36811			8,627017	16,13956		6,906839	2,93819	13,948734	9,251034
01/11/1989	6,423256			8,654088	16,132441		6,957155	2,909864	14,071663	9,354136
01/10/1989	6,482584			8,666918	16,100289		7,008716	2,882318	14,200704	9,442408
01/09/1989	6,54333			8,659318	15,982099		7,127678	2,881266	14,336999	9,579988
01/08/1989	6,605477			8,662996	16,155585		7,233195	2,913574	14,457655	9,701208
01/07/1989	6,667681			8,671796	16,217615		7,316354	2,942557	14,636423	9,771332
01/06/1989	6,733393			8,680947	16,439552		7,416263	2,980502	14,870253	9,838075
01/05/1989	6,79972			8,694593	16,656233		7,496141	3,080449	14,959609	9,826637
01/04/1989	6,864925			8,707974	16,878756		7,622254	3,227418	15,098949	9,799852
01/03/1989	6,930669			8,690206	17,10412		7,733945	3,365201	15,246576	9,815895
01/02/1989	6,994439			8,719832	17,313184		7,803855	3,470425	15,35964	9,845069
01/01/1989	7,0558			8,766077	17,508504		7,940539	3,558199	15,528839	9,828661
01/12/1988	7,117726			8,763941	17,633577		8,08265	3,639632	15,667426	9,792669
01/11/1988	7,179319			8,814245	17,726983		8,186444	3,727572	15,832672	9,825317
01/10/1988	7,233053			8,852478	17,967219		8,302027	3,827339	15,956626	9,751012
01/09/1988	7,283396			8,762468	18,387825		8,469813	3,916436	16,067897	9,603898
01/08/1988	7,326953			8,797692	18,718392		8,671693	4,015739	16,198837	9,637356
01/07/1988	7,363845			8,843362	18,90919		8,82737	4,145986	16,239056	9,61078
01/06/1988	7,397783			8,791214	19,026631		8,941995	4,273862	16,258856	9,63201
01/05/1988	7,424965			8,843631	19,087809		9,072592	4,348615	16,342044	9,641385
01/04/1988	7,445739			8,893677	19,087908		9,187136	4,384179	16,443513	9,668612
01/03/1988	7,461442			8,845492	19,121389		9,281226	4,45949	16,537255	9,742006
01/02/1988	7,470812			8,905837	19,226773		9,376971	4,597428	16,50923	9,72574
01/01/1988	7,47245			8,980001	19,342887		9,45742	4,757101	16,508162	9,729969
01/12/1987	7,476062			9,002603	19,383413		9,527549		16,530782	9,72583
01/11/1987	7,472756			9,068031	19,411398		9,583687		16,504863	9,709828
01/10/1987	7,472564			9,111655	19,547642		9,616859		16,508058	9,758216
01/09/1987	7,468949			9,062257	19,693106		9,632769		16,52158	9,818092
01/08/1987	7,463781			9,090808	19,693558		9,718426		16,533438	9,816242
01/07/1987	7,460783			9,127746	19,723968		9,828414		16,581312	9,83477
01/06/1987	7,45371			9,130575	19,630928		9,871286		16,668061	9,933175
01/05/1987	7,44947			9,175486	19,661766		9,915841		16,738314	9,650966
01/04/1987	7,446613			9,220791	19,770327		9,958864		16,654619	9,367238
01/03/1987	7,443274			9,235532	19,915259		9,972627		16,656994	9,285546
01/02/1987	7,441057			9,270948	20,066089		10,040128		16,740095	9,254149
01/01/1987	7,437659			9,296533	20,195775		10,118929		16,811061	9,249951
01/12/1986	7,440514			9,237696	20,228237		10,089454		16,808404	9,186954
01/11/1986	7,445352			9,224125	20,255259		10,078264		16,763057	9,104156
01/10/1986	7,462207			9,17736	20,198915		10,032155		16,744018	9,10725
01/09/1986	7,485866			9,003195	20,270647		9,925566		16,783761	9,083262
01/08/1986	7,515774			8,943472	20,28318		9,940221		16,832807	8,992146
01/07/1986	7,552318			8,896625	20,357408		10,031121		16,865725	8,895402
01/06/1986	7,595762			8,797653	20,386207		10,079678		16,898904	8,823971
01/05/1986	7,645567			8,760364	20,49296		10,086888		16,845344	8,783686
01/04/1986	7,700935			8,719645	20,561989		10,091836		16,821806	8,748751
01/03/1986	7,761987			8,602242			10,083595		16,848147	8,638993
01/02/1986	7,829632			8,592846			10,078291		16,823106	8,564968
01/01/1986	7,902459			8,61837			10,056438		16,94079	8,506492
01/12/1985	7,985925			8,669623			9,993667		16,967921	8,491769
01/11/1985	8,068925			8,705256			9,941298		16,911566	8,423545
01/10/1985	8,154283			8,71604			9,933249		16,997134	8,329749
01/09/1985	8,238741			8,673493			9,918186		17,073849	8,258286
01/08/1985	8,322728			8,663757			9,889763		17,016682	8,224472
01/07/1985	8,407627			8,662207			9,902284		16,929181	8,175844
01/06/1985	8,491835			8,695007			10,003731		16,808485	8,109648
01/05/1985	8,575666			8,66307			10,118296		16,727684	8,025727
01/04/1985	8,657652			8,670514			10,221374		16,705981	7,988678
01/03/1985	8,737544			8,687407			10,409465		16,648249	7,992512
01/02/1985	8,815973			8,705156			10,610127		16,554405	8,011429
01/01/1985	8,89084			8,733249			10,621711		16,34289	7,951475
01/12/1984	8,965336			8,772042			10,65683		16,145421	7,853703
01/11/1984	9,037438			8,776482			10,763026		16,003514	7,772464
01/10/1984	9,10347			8,746996			10,799543		15,840076	7,798965
01/09/1984	9,165836			8,645796			10,885804		15,692546	7,797773
01/08/1984	9,222004			8,575836			10,870721		15,550055	7,772353
01/07/1984	9,271379			8,504789			10,790212		15,483231	7,783202
01/06/1984	9,318878			8,442037			10,791904		15,410776	7,78336
01/05/1984	9,360016			8,366925			10,807817		15,378037	7,849118
01/04/1984	9,395012			8,289314			10,815453		15,317413	7,878506
01/03/1984	9,425251			8,223059			10,84917		15,183899	7,846617
01/02/1984	9,448282			8,14354			10,858191		15,059648	7,902223
01/01/1984	9,463776			8,064867			10,881291		14,872694	7,925105
01/12/1983	9,479459			8,000775			10,945208		14,725609	7,764134
01/11/1983	9,491561			7,911711			11,001032		14,618065	7,718231
01/10/1983	9,50244			7,816434			11,001717		14,461424	7,6078
01/09/1983	9,509866			7,697085			10,933408		14,264418	7,484742
01/08/1983	9,513765			7,585031			10,839812		14,118204	7,432726
01/07/1983	9,516523			7,468825			10,764507		14,007065	7,405415
01/06/1983	9,516138			7,376763			10,695212		13,880253	7,349203
01/05/1983	9,515137			7,211908			10,652938		13,717205	7,257769
01/04/1983	9,511873			7,002699			10,618905		13,542097	7,215168
01/03/1983	9,505579			6,70056			10,560635		13,373342	7,225341
01/02/1983	9,498428			6,73352			10,484912		13,165971	7,063909
01/01/1983	9,487628			7,057988			10,420417		12,941238	6,919804
